1. 选择
	以往一直以为的冒泡起始就是选择排序，只是我理解错误了。
	选择排序 是每次选出最小或者最大的
	【示例】：
	  初始关键字 [49 38 65 97 76 13 27 49]
	第一趟排序后 13 〔38 65 97 76 49 27 49]
	第二趟排序后 13 27 〔65 97 76 49 38 49]
	第三趟排序后 13 27 38 [97 76 49 65 49]
	第四趟排序后 13 27 38 49 [49 97 65 76]
	第五趟排序后 13 27 38 49 49 [97 97 76]
	第六趟排序后 13 27 38 49 49 76 [76 97]
	第七趟排序后 13 27 38 49 49 76 76 [ 97]
	最后排序结果 13 27 38 49 49 76 76 97
2. 插入
	[初始关键字] [49] 38 65 97 76 13 27 49
    J=2(38) [38 49] 65 97 76 13 27 49
    J=3(65) [38 49 65] 97 76 13 27 49
    J=4(97) [38 49 65 97] 76 13 27 49
    J=5(76) [38 49 65 76 97] 13 27 49
    J=6(13) [13 38 49 65 76 97] 27 49
    J=7(27) [13 27 38 49 65 76 97] 49
    J=8(49) [13 27 38 49 49 65 76 97] 
3. 快排的程序见sort4ed.quicksort
4. 堆排序
